17.0 0 18.0 99.0 2
16.5 47.0 19.0 70.0 2
24.0 0 22.0 21.0 1
17.0 0 18.0 99.0 2
24.0 0 22.0 21.0 1
25.9 2.0 24.0 16.0 2
17.0 0 18.0 99.0 2
25.7 2.0 24.0 16.0 1
19.7 54.0 18.0 73.0 2
19.7 54.0 18.0 73.0 2
19.0 0 19.0 73.0 2
20.0 0 17.0 99.0 2
17.8 57.0 17.0 100.0 2
19.7 27.0 17.0 77.0 2
17.0 0 15.0 86.0 1
17.8 46.0 16.0 68.0 2
21.0 0 23.0 1.0 1
28.0 2.0 23.0 1.0 1
26.0 0 18.0 11.0 1
26.0 0 18.0 11.0 1
26.0 0 18.0 11.0 1
14.6 66.0 14.0 100.0 2
17.0 0 15.0 86.0 2
24.0 0 21.0 7.0 1
18.0 0 10.0 85.0 2
14.6 66.0 14.0 100.0 1
26.0 0 18.0 11.0 1
20.3 1.0 19.0 11.0 1
17.0 0 15.0 86.0 2
14.4 67.0 14.0 100.0 2
